1001980800.0
1002067200.0
1002153600.0
1002240000.0
1002326400.0
1002412800.0
1002499200.0
1002585600.0
1002672000.0
1002758400.0
1002844800.0
1002931200.0
1003017600.0
1003104000.0
1003190400.0
1003276800.0
1003363200.0
1003449600.0
1003536000.0
1003622400.0
1003708800.0
1003795200.0
1003881600.0
1003968000.0
1004054400.0
1004140800.0
1004227200.0
1004313600.0
1004400000.0
1004486400.0
1004572800.0
1004659200.0
1004745600.0
1004832000.0
1004918400.0
1005004800.0
1005091200.0
1005177600.0
1005264000.0
1005350400.0
1005436800.0
1005523200.0
1005609600.0
1005696000.0
1005782400.0
1005868800.0
1005955200.0
1006041600.0
1006128000.0
1006214400.0
1006300800.0
1006387200.0
1006473600.0
1006560000.0
1006646400.0
1006732800.0
1006819200.0
1006905600.0
1006992000.0
1007078400.0
1007164800.0
1007251200.0
1007337600.0
1007424000.0
1007510400.0
1007596800.0
1007683200.0
1007769600.0
1007856000.0
1007942400.0
1008028800.0
1008115200.0
1008201600.0
1008288000.0
1008374400.0
1008460800.0
1008547200.0
1008633600.0
1008720000.0
1008806400.0
1008892800.0
1008979200.0
1009065600.0
1009152000.0
1009238400.0
1009324800.0
1009411200.0
1009497600.0
1009584000.0
1009670400.0
1009756800.0
1009843200.0
1009929600.0
1010016000.0
1010102400.0
1010188800.0
1010275200.0
1010361600.0
1010448000.0
1010534400.0
1010620800.0
1010707200.0
1010793600.0
1010880000.0
1010966400.0
1011052800.0
1011139200.0
1011225600.0
1011312000.0
1011398400.0
1011484800.0
1011571200.0
1011657600.0
1011744000.0
1011830400.0
1011916800.0
1012003200.0
1012089600.0
1012176000.0
1012262400.0
1012348800.0
1012435200.0
1012521600.0
1012608000.0
1012694400.0
1012780800.0
1012867200.0
1012953600.0
1013040000.0
1013126400.0
1013212800.0
1013299200.0
1013385600.0
1013472000.0
1013558400.0
1013644800.0
1013731200.0
1013817600.0
1013904000.0
1013990400.0
1014076800.0
1014163200.0
1014249600.0
1014336000.0
1014422400.0
1014508800.0
1014595200.0
1014681600.0
1014768000.0
1014854400.0
1014940800.0
1015027200.0
1015113600.0
1015200000.0
1015286400.0
1015372800.0
1015459200.0
1015545600.0
1015632000.0
1015718400.0
1015804800.0
1015891200.0
1015977600.0
1016064000.0
1016150400.0
1016236800.0
1016323200.0
1016409600.0
1016496000.0
1016582400.0
1016668800.0
1016755200.0
1016841600.0
1016928000.0
1017014400.0
1017100800.0
1017187200.0
1017273600.0
1017360000.0
1017446400.0
1017532800.0
1017619200.0
1017705600.0
1017792000.0
1017878400.0
1017964800.0
1018051200.0
1018137600.0
1018224000.0
1018310400.0
1018396800.0
1018483200.0
1018569600.0
1018656000.0
1018742400.0
1018828800.0
1018915200.0
1019001600.0
1019088000.0
1019174400.0
1019260800.0
1019347200.0
1019433600.0
1019520000.0
1019606400.0
1019692800.0
1019779200.0
1019865600.0
1019952000.0
1020038400.0
1020124800.0
1020211200.0
1020297600.0
1020384000.0
1020470400.0
1020556800.0
1020643200.0
1020729600.0
1020816000.0
1020902400.0
1020988800.0
1021075200.0
1021161600.0
1021248000.0
1021334400.0
1021420800.0
1021507200.0
1021593600.0
1021680000.0
1021766400.0
1021852800.0
1021939200.0
1022025600.0
1022112000.0
1022198400.0
1022284800.0
1022371200.0
1022457600.0
1022544000.0
1022630400.0
1022716800.0
1022803200.0
1022889600.0
1022976000.0
1023062400.0
